.Random.seed <-
c(403L, 10L, -1586437643L, 1074697356L, -1982825118L, -667537091L, 
-922592841L, 403185246L, 1274918808L, 1451767547L, 1958985369L, 
-1836030168L, -808935978L, -405945775L, 270784771L, 1897829522L, 
806382116L, -63556377L, 1129720125L, 99057076L, 1060209178L, 
-305313435L, -1986070529L, -1009734010L, 28898832L, 2037640371L, 
1978263377L, 1741736704L, -617844258L, 337746473L, 526604763L, 
1698137834L, -678370164L, -1442829361L, -2092801147L, 329510972L, 
1501380882L, 870057485L, -764832441L, -1191919826L, -1427434872L, 
1509487499L, 1907368809L, 1667210552L, -151310362L, 178644865L, 
-1671381229L, -1215756094L, -2122275980L, -1230164105L, 1703368813L, 
83097348L, -510376406L, -1719751787L, 132567087L, 1007380790L, 
102828384L, 512427939L, 1948700865L, -537714512L, 137228238L, 
-1882873031L, -143660213L, -1907572486L, -1745274372L, -1986274753L, 
-262525163L, 1524939820L, -1425447678L, 1891208669L, -1798763305L, 
-644900930L, -1887845896L, 301561307L, 1412668473L, -1962201720L, 
-642127562L, -1600097423L, 2055565731L, -1454641934L, 1596108868L, 
1256022791L, -191843619L, 2077367252L, -185640198L, 1387118149L, 
1599268511L, 1798143014L, -1513105232L, 1045242195L, 1766071409L, 
-1495735904L, -107627202L, 817863753L, 2122160379L, -1035743030L, 
-1668848084L, 1160100399L, -920833307L, -580221028L, 650277362L, 
-682976147L, -1244697177L, -1606953010L, 2125526312L, -2080299221L, 
1683860809L, -1447054760L, -1303966970L, -1211373855L, 437809779L, 
1314536162L, -638908844L, -696283305L, 1697981261L, 866338532L, 
1699956426L, -890796235L, -40931953L, -1593685354L, 461136448L, 
644965123L, -152579295L, 530273296L, -1913146386L, -442416231L, 
-1193608149L, -126072550L, 589114332L, 1294962143L, -418637387L, 
515929932L, -1059557982L, -1452573443L, -1843895817L, 1583935262L, 
1542681048L, 790784827L, 1990499545L, -1058549656L, 1805743510L, 
-996291311L, 1633074883L, 1527013074L, 858990436L, 390118055L, 
-228867075L, -2078419468L, 638874330L, 1707336741L, -1743419073L, 
2140114630L, 602194768L, -689104013L, 686812561L, -2110738496L, 
-966415970L, 2006037353L, 2112948123L, 1030196906L, 1136953548L, 
1330813327L, -18444859L, -955821700L, -495238702L, -2071863987L, 
-1484398585L, -446771218L, 158234312L, 1394788811L, -847946711L, 
1070525048L, 480507814L, -665517631L, -2003626413L, -927728382L, 
1360120884L, 2018160055L, -1362624083L, -1159249212L, -546531606L, 
-1536542379L, 1156353775L, -296129290L, -328868832L, 433937891L, 
-280461695L, 666384624L, -380127346L, -1851635463L, 1853624971L, 
614691514L, 586104252L, 629466879L, -91887019L, 1485835628L, 
2123040194L, -2089818595L, 657727127L, 1073059838L, 19030968L, 
1878884251L, -1162172935L, -2064112312L, 1151201398L, -1661583951L, 
1955996643L, 1346986162L, -1066431228L, 1043041863L, 1343306013L, 
-17942636L, -856409286L, -1502836859L, 86897759L, 1398505190L, 
-874953360L, 426618515L, 1608357681L, 1170820576L, -1975666050L, 
691644681L, 1767443259L, -643628278L, 1347029740L, -135313553L, 
-1183176539L, -598621604L, -617156046L, -1532241478L, -1817100784L, 
-219641620L, 1201428820L, -1491265774L, -1783237216L, 771857100L, 
-1458497952L, 1676361666L, 1355080488L, -2085769812L, 2117955900L, 
1918787442L, -320913104L, 83578660L, 320021816L, 1474386650L, 
-950122608L, 50795260L, 2033602452L, -1962325950L, 489045248L, 
1881123900L, -55038640L, 1402460322L, -2104232120L, -266946804L, 
-1378694436L, 1264350034L, -1434963328L, -1589536684L, 921136104L, 
-1575258374L, -985142960L, 2007548716L, -268384396L, -438082670L, 
509179488L, -223662196L, -344042656L, 377096162L, -1089306712L, 
-419734324L, -1695412740L, -268899406L, 1332300272L, -1405031996L, 
1590894936L, 121554298L, -2058833488L, -2086727748L, 522883156L, 
481076162L, -210959328L, 1945459900L, -1094493616L, 1712553954L, 
2029950568L, 2037799500L, 853860604L, -1117425678L, 1084677376L, 
-947112076L, 1049813000L, -966220358L, -2116092464L, -517733396L, 
-231555180L, -330384430L, 528152416L, -1633098420L, -1057338080L, 
460964738L, 1998961384L, -823401236L, 1558964796L, 1408387954L, 
1292167792L, 1915746340L, -1686501576L, -2081559398L, -1984974128L, 
-1407319876L, -561654124L, 1896261250L, -1829757760L, -758386372L, 
-1967591280L, 1001761314L, 1475634696L, -1965211380L, -339389796L, 
2053271058L, 1061219712L, -1652482540L, -1028909528L, -777083590L, 
2047330256L, 1940836972L, 28190516L, -1108417902L, 2137340256L, 
1965691212L, 269250528L, 1462280098L, 736999336L, -901706868L, 
1167861436L, 1589529458L, -1269614352L, -925558716L, 455335256L, 
528192570L, -1921318032L, 289899580L, 1452518164L, -397522494L, 
1724121312L, 845068156L, -1249042736L, -140933470L, -1265187800L, 
-61265652L, 2100851644L, -556696270L, 749297600L, 1659671092L, 
-1697801272L, -1541135174L, -928419952L, -295217684L, 1831452756L, 
-1854136686L, -1774748896L, 1870269900L, -11289632L, 380764866L, 
802265640L, 1986608812L, 1306874556L, 719843826L, -1354888912L, 
1569582244L, -458628424L, -903713958L, 313978256L, 985002364L, 
-1738502892L, -376919742L, -210672896L, 1442356156L, 1371970384L, 
877158690L, 440130888L, -983746548L, -1411647396L, 614999250L, 
-769931264L, 1097227092L, -488635928L, -348456966L, 806221520L, 
-1473616596L, 1532029172L, -354850926L, 298212448L, 954637580L, 
-2142517536L, -1953497758L, -722951512L, 384244300L, 1718409084L, 
-2085131470L, 306978416L, 1592433988L, -1047462952L, -880660358L, 
824649264L, -1901131076L, 2038957908L, 1662564930L, 783690656L, 
-1850120004L, -1286512176L, -1502534302L, -691235864L, -1111140404L, 
132650748L, 602460146L, -247022464L, 174782708L, -1575800L, -1382439622L, 
-1061452976L, 214264940L, 934355092L, 673298770L, -1285783840L, 
1554469068L, -330377056L, -2057856638L, 1685469416L, 1371150572L, 
631347260L, 555606130L, -735369104L, -181394908L, -276766152L, 
1243441690L, 1761235152L, -1538050500L, 688950420L, 570397826L, 
-965998656L, -577327812L, -713949552L, 1310872610L, -1257517048L, 
-497795956L, -1887682532L, 1360241810L, 248024192L, 525108244L, 
1117578024L, -901147590L, 1492675792L, -1646922644L, 1826600483L, 
-466951707L, 969338882L, 1324747376L, 2106900505L, -1659921909L, 
-743755524L, -2062799574L, -262753441L, 1404551913L, 655149566L, 
1802147308L, -1719261891L, -86815481L, -1920439056L, 1600450702L, 
-1452307781L, -585244003L, -963217846L, 844610664L, 1490146385L, 
2061565763L, -580982204L, -338646798L, -645835577L, -1751814511L, 
1827418134L, -364643724L, -852443899L, -1776880817L, 1042193736L, 
1222480102L, 1947928083L, -21177995L, -686023342L, -1943761504L, 
928742537L, 460803259L, 1384046348L, -105990502L, -576885745L, 
-864753575L, 154928366L, -2034368644L, 455470061L, 838603927L, 
1703501664L, 548591422L, -93517813L, -2061717363L, 1376102842L, 
1104431096L, -1625922655L, -768123565L, -1884646284L, -285702654L, 
-647341929L, 497683041L, -1396145498L, 729107108L, 1842233173L, 
733971455L, 1923580568L, 437299126L, 2127957059L, -1763613307L, 
148045346L, -1062361840L, 218293433L, 1617848683L, 708069468L, 
-501963382L, -2118418049L, 2128059593L, 1058693470L, 1884828172L, 
-858491427L, 334540007L, -588351216L, -823433170L, 1305824987L, 
-593442883L, 1859264810L, -1751693880L, -524698895L, -378104733L, 
1133375588L, -1657308270L, -776048537L, 657772593L, 438182262L, 
-373903724L, -169876315L, 1648327087L, 1767285352L, -1723270586L, 
711393267L, 1886576469L, -1070726862L, 1583932672L, 685536745L, 
425500763L, -838856020L, 472853690L, -2010993041L, 441220089L, 
285737614L, 1534309212L, -2115919923L, -601358537L, 1252900288L, 
605151902L, -1372374165L, -772209939L, -410880166L, 1629129752L, 
664607105L, 1070812979L, -1109547692L, -1115517086L, 1042187255L, 
-1337971647L, 387967174L, 144463364L, 936198581L, 994328223L, 
-477892872L, -2042400042L, 877242211L, -737222875L, 295261378L, 
28213680L, 16316889L, -966895797L, -778584644L, -347451926L, 
-1343735265L, 1959792809L, -1851459522L, 210401580L, -2061274243L, 
-581113401L, -82514768L, -623277362L, 250445819L, 1912686685L, 
